R1 -45 190 55 1 1 0 0
R2 -64 79 45 0 1 0 0
R3 70 10 45 1 0 0 0
R4 46 33 33 1 1 0 1

R1 -45 190 23 1 1 0 0
R1 -45 190 14 1 1 0 0
R1 -45 190 67 1 1 0 0
R2 -64 79 56 0 1 0 0

R3 70 10 14 1 0 0 0
R4 46 33 16 1 1 0 1
R2 -64 79 17 0 1 0 0
R3 70 10 20 1 0 0 0

R4 46 33 15 1 1 0 1
R2 -64 79 15 0 1 0 0
R3 70 10 29 1 0 0 0
R1 -45 190 24 1 1 0 0

R2 -64 79 34 0 1 0 0
R3 70 10 13 1 0 0 0
R4 46 33 15 1 1 0 1
R1 -45 190 97 1 1 0 0

R2 -64 79 77 0 1 0 0
R3 70 10 77 1 0 0 0
R4 46 33 77 1 1 0 1
R4 46 33 57 1 1 0 1

R7 41 53 45 0 1 0 1
R5 -27 63 23 0 1 0 1
R6 97 23 67 0 0 0 1
R4 46 33 34 1 1 0 1

R7 41 53 67 0 1 0 1
R5 -27 63 67 0 1 0 1
R6 97 23 89 0 0 0 1
R7 41 53 35 0 1 0 1

R5 -27 63 67  0 1 0 1
R6 97 23 45 0 0 0 1
R4 46 33 35 1 1 0 1
R2 -64 79 25 0 1 0 0

R3 70 10 56 1 0 0 0
R7 41 53 3  0 1 0 1
R4 46 33 44 1 1 0 1
R1 46 43 2 1 1 0 1

