R1 72 54 1 E 0 0 0 0
R2 70 99 1 E 0 0 0 0
R3 75 30 2 E 0 0 0 0

R1 72 54 1 E 0 0 0 0
R2 71 99 1 E 0 0 0 0
R3 76 30 2 E 0 0 0 0

R1 73 54 1 E 0 0 0 0
R2 72 99 1 E 0 0 0 0
R3 77 30 2 E 0 0 0 0

R1 74 54 1 E 0 0 0 0
R2 73 99 1 E 0 0 0 0
R3 78 30 2 E 0 0 0 0

R1 75 54 1 E 0 0 0 0
R2 74 99 1 E 0 0 0 0
R3 79 30 2 E 0 0 0 0

R1 76 54 1 E 0 0 0 0
R2 75 99 1 E 0 0 0 0
R3 80 30 2 E 0 0 0 0

R1 77 54 1 E 0 0 0 0
R2 76 99 1 E 0 0 0 0
R3 81 30 2 E 0 0 0 0

R1 78 54 1 E 0 0 0 0
R2 77 99 1 E 0 0 0 0
R3 82 30 2 E 0 0 0 0

R1 79 54 1 E 1 0 0 0
R2 78 99 1 E 0 0 0 0
R3 83 30 2 E 0 0 0 0

R1 79 55 1 N 0 0 1 0
R2 79 99 1 E 0 0 0 0
R3 84 30 2 E 0 0 0 0

R1 79 56 1 N 0 0 1 0
R2 80 99 1 E 0 0 0 0
R3 85 30 2 E 0 0 0 0

R1 79 57 1 N 0 0 1 0
R2 81 99 1 E 0 0 0 0
R3 86 30 2 E 0 0 0 0

R1 79 58 1 N 0 0 1 0
R2 81 98 1 S 0 0 0 0
R3 87 30 2 E 0 0 0 0

R1 79 59 1 N 0 0 1 0
R2 81 97 1 S 0 0 0 0
R3 88 30 2 E 0 0 0 0

R1 79 60 1 N 0 0 1 0
R2 81 96 1 S 0 0 0 0
R3 89 30 2 E 0 0 0 0

R1 79 61 1 N 0 0 0 0
R2 81 95 1 E 0 0 0 0
R3 90 30 2 E 0 0 0 0

R1 80 61 1 E 0 0 0 0
R2 81 94 1 E 0 0 0 0
R3 91 30 2 E 0 0 0 0

R1 81 61 1 E 0 0 0 0
R2 81 93 1 E 0 0 0 0
R3 92 30 2 E 0 0 0 0

R1 82 61 1 E 0 0 0 0
R2 81 92 1 S 0 0 0 0
R3 93 30 2 E 0 0 0 0

R1 83 61 1 E 0 0 0 0
R2 81 91 1 S 0 0 0 0
R3 94 30 2 E 0 0 0 0

R1 84 61 1 E 0 0 0 0
R2 81 90 1 S 0 0 0 0
R3 95 30 2 E 0 0 0 0

R1 85 61 1 E 0 0 0 0
R2 81 89 1 S 0 0 0 0
R3 96 30 2 E 0 0 0 0

R1 86 61 1 E 0 0 0 0
R2 81 88 1 S 0 0 0 0
R3 97 30 2 E 0 0 0 0

R1 87 61 1 E 0 0 0 0
R2 81 87 1 S 0 0 0 0
R3 98 30 2 E 0 0 0 0

R1 88 61 1 E 0 0 0 0
R2 81 86 1 S 0 0 0 0
R3 99 30 2 E 0 0 0 0

R1 89 61 1 E 0 0 0 0
R2 81 85 1 S 0 0 0 0
R3 100 30 2 E 0 0 0 0

R1 90 61 1 E 0 0 0 0
R2 81 84 1 S 0 0 0 0
R3 100 31 2 N 0 0 0 0

R1 91 61 1 E 0 0 0 0
R2 81 83 1 S 0 0 0 0
R3 100 32 2 N 0 0 0 0

R1 92 61 1 E 0 0 0 0
R2 81 82 1 S 0 0 0 0
R3 100 33 2 N 0 0 0 0

R1 92 60 1 S 0 0 0 0
R2 81 81 1 S 0 0 0 0
R3 100 34 2 N 0 0 0 0

R1 92 59 1 S 0 0 0 0
R2 81 80 1 S 0 0 0 0
R3 100 35 2 N 0 0 0 0

R1 92 58 1 S 0 0 0 0
R2 81 79 1 S 0 0 0 0
R3 100 36 2 N 0 0 0 0

R1 92 57 1 S 0 0 0 0
R2 81 78 1 S 0 0 0 0
R3 100 37 2 N 0 0 0 0

R1 92 56 1 S 0 0 0 0
R2 81 77 1 S 0 0 0 0
R3 100 38 2 N 0 0 0 0

R1 92 55 1 S 0 0 0 0
R2 81 76 1 S 0 0 0 0
R3 100 39 2 N 0 0 0 0

R1 92 54 1 S 0 0 0 0
R2 81 75 1 S 0 0 0 0
R3 100 40 2 N 0 0 0 0

R1 92 53 1 S 0 0 0 0
R2 81 74 1 S 0 0 0 0
R3 100 41 2 N 0 0 0 0

R1 92 52 1 S 0 0 0 0
R2 81 73 1 S 0 0 0 0
R3 100 42 2 N 0 0 0 0

R1 92 51 1 S 0 0 0 0
R2 81 72 1 S 0 0 0 0
R3 100 43 2 N 0 0 0 0

R1 92 50 1 S 0 0 0 0
R2 81 71 1 S 0 0 0 0
R3 100 44 2 N 0 0 0 0

R1 92 49 1 S 0 0 0 0
R2 81 70 1 S 0 0 0 0
R3 100 45 2 N 0 0 0 0
